lamda = 0.1 & iteration = 1: -1100.1181141502789
lamda = 0.1 & iteration = 2: -1133.812999446221
lamda = 0.9 & iteration = 1: -1100.118098707159
lamda = 0.9 & iteration = 2: -1134.0647732944303
