lamda = 0.1 & iteration = 1: 0.4602262832665721 
lamda = 0.1 & iteration = 2: 0.44370887860546315
lamda = 0.9 & iteration = 1: 0.46022629083686817 
lamda = 0.9 & iteration = 2: 0.44358545778068725 
